n <- c(1, 2.4, 5)
o <- c(3, 4.5, 6)
n+o
n/o
x <- 5
y <- 4
x*y
o <- c(4, 5 ,6)
q <- c(1,2.4,3.2)

q <- c(1.3, 4, 3, 2) 
q <- c(1, 3, 4, 3, 2)
r <- c(2,4,4,5,2)


q[1] > r[2]
q!r
q[1] > r[2]
q[1] < r[2]
